
■卸売予定数量（花き　品目別）
令和 2年10月28日(水曜日)

切花（単位：本）

品名
全市場計
北足立
大田
板橋
葛西
世田谷


輪菊(白)
321,433
62,110
167,773
41,850
35,440
14,260


輪菊(黄)
109,160
18,750
62,410
8,540
13,460
6,000


輪菊(赤)
11,800
2,160
7,290
1,590
460
300


スプレー菊
330,790
40,020
190,930
36,450
26,020
37,370


小菊
256,190
41,750
156,700
28,680
14,870
14,190


カーネーション
273,641
30,644
181,837
14,710
16,710
29,740


スプレーカーネ
163,074
16,881
104,216
14,206
12,611
15,160


バラ
253,422
9,890
168,340
13,745
16,038
45,409


スターチス類
89,070
19,090
54,890
4,170
3,550
7,370


洋ラン類
98,076
8,839
68,417
7,814
5,381
7,625


ガーベラ
136,237
13,428
79,914
9,840
10,360
22,695


くじゃく草
34,955
2,700
23,325
1,930
3,840
3,160


コスモス
26,760
1,440
17,200
4,260
1,350
2,510


りんどう
78,525
10,270
45,190
6,390
6,390
10,285


その他の切花
945,908
51,504
644,196
62,383
48,970
138,855


小計
3,129,041
329,476
1,972,628
256,558
215,450
354,929

